


                            Event listing (standard)

    I  particle/jet  K(I,1)   K(I,2) K(I,3)     K(I,4)      K(I,5)       P(I,1)       P(I,2)       P(I,3)       P(I,4)       P(I,5)

    1  !e-!              21       11     0           0           0      0.00000      0.00000    -23.99928     23.99928      0.00051
    2  !p+!              21     2212     0           0           0      0.00000      0.00000      0.00000      0.93830      0.93830
    3  !Z0!              21       23     1           0           0     -0.25983      0.52693    -16.25234     16.23009     -1.03333
    4  e-                 1       11     1           0           0      0.25983     -0.52693     -7.74695      7.76919      0.00051
    5  !pi+!             21      211     2           0           0      0.11628      0.29066      0.78732     -0.32615     -0.78198
    6  !u~!              21       -2     2           0           0      0.01020      0.03023      0.01082      0.03370      0.00000
    7  !u~!              21       -2     6           0           0      0.01020      0.03023      0.01082      0.03370      0.00000
    8  !u~!              21       -2     3           0           0     -0.18974      0.41363    -12.22341     12.23188      0.00560
    9  n0                 1     2112     2           0           0     -0.11628     -0.29066     -0.78732      1.26446      0.93960
   10  rho+               1      213     2           0           0     -0.26049      0.04173     -3.08055      3.17082      0.70336
   11  u~            A    2       -2     8           0           0     -0.18974      0.41363    -12.22341     12.23188      0.00560
   12  u             V    1        2     2           0           0      0.30668      0.36224     -0.16106      0.50124      0.00560
                   sum charge:  0.00   sum momentum and inv. mass:      0.00000      0.00000    -23.99928     24.93758      6.77624



                            Event listing (standard)

    I  particle/jet  K(I,1)   K(I,2) K(I,3)     K(I,4)      K(I,5)       P(I,1)       P(I,2)       P(I,3)       P(I,4)       P(I,5)

    1  !e-!              21       11     0           0           0      0.00000      0.00000    -23.99928     23.99928      0.00051
    2  !p+!              21     2212     0           0           0      0.00000      0.00000      0.00000      0.93830      0.93830
    3  !Z0!              21       23     1           0           0     -0.24594     -0.79007    -15.24190     15.20289     -1.36829
    4  e-                 1       11     1           0           0      0.24594      0.79007     -8.75739      8.79639      0.00051
    5  !pi+!             21      211     2           0           0      0.07806     -0.04833      0.38050     -0.07849     -0.38347
    6  !u~!              21       -2     2           0           0      0.01905     -0.01569      0.03481      0.04267      0.00000
    7  !u~!              21       -2     6           0           0      0.01905     -0.01569      0.03481      0.04267      0.00000
    8  !u~!              21       -2     3           0           0     -0.18437     -0.64135    -12.15728     12.17559      0.00560
    9  n0                 1     2112     2           0           0     -0.07806      0.04833     -0.38050      1.01679      0.93960
   10  rho+               1      213     2           0           0      0.28783     -0.16620     -2.32334      2.48019      0.80187
   11  (u~)          A   12       -2     8          13          13     -0.18437     -0.64135    -12.15728     12.17559      0.00560
   12  (u)           V   11        2     2          13          13     -0.27135     -0.03085     -0.38078      0.46862      0.00560
   13  (cluster)         11       91    11          14          15     -0.45572     -0.67219    -12.53806     12.64421      1.41898
   14  eta                1      221    13           0           0     -0.06666     -0.62982     -3.57992      3.67651      0.54750
   15  pi0                1      111    13           0           0     -0.38906     -0.04237     -8.95814      8.96770      0.13500
                   sum charge:  0.00   sum momentum and inv. mass:     -0.00000     -0.00000    -23.99929     24.93759      6.77625



                            Event listing (standard)

    I  particle/jet  K(I,1)   K(I,2) K(I,3)     K(I,4)      K(I,5)       P(I,1)       P(I,2)       P(I,3)       P(I,4)       P(I,5)

    1  !e-!              21       11     0           0           0      0.00000      0.00000    -23.99928     23.99928      0.00051
    2  !p+!              21     2212     0           0           0      0.00000      0.00000      0.00000      0.93830      0.93830
    3  !Z0!              21       23     1           0           0      0.18439      0.80244    -11.88793     11.85997     -1.15835
    4  e-                 1       11     1           0           0     -0.18439     -0.80244    -12.11136     12.13931      0.00051
    5  !pi+!             21      211     2           0           0     -0.25549      0.23402      0.33539     -0.11671     -0.46787
    6  !u~!              21       -2     2           0           0     -0.19835      0.21677     -0.16018      0.33465      0.00000
    7  !u~!              21       -2     6           0           0     -0.19835      0.21677     -0.16018      0.33465      0.00000
    8  !u~!              21       -2     3           0           0      0.04015      0.30560     -4.15760      4.16901      0.00560
    9  n0                 1     2112     2           0           0      0.25549     -0.23402     -0.33540      1.05502      0.93960
   10  pi+                1      211     2           0           0     -0.31528      0.64715     -7.29550      7.33226      0.13960
   11  u~            A    2       -2     8           0           0      0.04015      0.30560     -4.15760      4.16901      0.00560
   12  u             V    1        2     2           0           0      0.20404      0.08371     -0.09943      0.24199      0.00560
                   sum charge:  0.00   sum momentum and inv. mass:     -0.00000     -0.00000    -23.99928     24.93759      6.77624



                            Event listing (standard)

    I  particle/jet  K(I,1)   K(I,2) K(I,3)     K(I,4)      K(I,5)       P(I,1)       P(I,2)       P(I,3)       P(I,4)       P(I,5)

    1  !e-!              21       11     0           0           0      0.00000      0.00000    -23.99928     23.99928      0.00051
    2  !p+!              21     2212     0           0           0      0.00000      0.00000      0.00000      0.93830      0.93830
    3  !Z0!              21       23     1           0           0     -0.73211     -0.07663    -11.70873     11.68670     -1.02816
    4  e-                 1       11     1           0           0      0.73211      0.07663    -12.29056     12.31258      0.00051
    5  !pi+!             21      211     2           0           0     -0.23203     -0.18246      0.77215     -0.31242     -0.76534
    6  !u~!              21       -2     2           0           0     -0.03256     -0.02224      0.01306      0.04154      0.00000
    7  !u~!              21       -2     6           0           0     -0.03256     -0.02224      0.01306      0.04154      0.00000
    8  !u~!              21       -2     3           0           0     -0.65575     -0.08265    -10.09022     10.11184      0.00560
    9  n0                 1     2112     2           0           0      0.23203      0.18246     -0.77215      1.25072      0.93960
   10  pi+                1      211     2           0           0     -0.02627     -0.41978     -0.76029      0.88002      0.13960
   11  u~            A    2       -2     8           0           0     -0.65575     -0.08265    -10.09022     10.11184      0.00560
   12  u             V    1        2     2           0           0     -0.28212      0.24334     -0.08607      0.38242      0.00560
                   sum charge:  0.00   sum momentum and inv. mass:      0.00000      0.00000    -23.99928     24.93758      6.77624



                            Event listing (standard)

    I  particle/jet  K(I,1)   K(I,2) K(I,3)     K(I,4)      K(I,5)       P(I,1)       P(I,2)       P(I,3)       P(I,4)       P(I,5)

    1  !e-!              21       11     0           0           0      0.00000      0.00000    -23.99928     23.99928      0.00051
    2  !p+!              21     2212     0           0           0      0.00000      0.00000      0.00000      0.93830      0.93830
    3  !Z0!              21       23     1           0           0      0.23784      0.27836    -21.05729     21.03460     -1.04370
    4  e-                 1       11     1           0           0     -0.23784     -0.27836     -2.94199      2.96468      0.00051
    5  !pi+!             21      211     2           0           0     -0.25481     -0.27818      0.76058     -0.32730     -0.78337
    6  !d!               21        1     2           0           0     -0.01539     -0.01677      0.00388      0.02309      0.00000
    7  !d!               21        1     6           0           0     -0.01539     -0.01677      0.00388      0.02309      0.00000
    8  !d!               21        1     3           0           0      0.21128      0.24840    -19.92326     19.92593      0.00990
    9  n0                 1     2112     2           0           0      0.25481      0.27818     -0.76058      1.26560      0.93960
   10  pi+                1      211     2           0           0     -0.24250      0.07422     -0.35482      0.45793      0.13960
   11  d             A    2        1     8           0           0      0.21128      0.24840    -19.92326     19.92593      0.00990
   12  d~            V    1       -1     2           0           0      0.01424     -0.32244     -0.01864      0.32345      0.00990
                   sum charge:  0.00   sum momentum and inv. mass:      0.00000      0.00000    -23.99929     24.93759      6.77624



                            Event listing (standard)

    I  particle/jet  K(I,1)   K(I,2) K(I,3)     K(I,4)      K(I,5)       P(I,1)       P(I,2)       P(I,3)       P(I,4)       P(I,5)

    1  !e-!              21       11     0           0           0      0.00000      0.00000    -23.99928     23.99928      0.00051
    2  !p+!              21     2212     0           0           0      0.00000      0.00000      0.00000      0.93830      0.93830
    3  !Z0!              21       23     1           0           0      0.41801      0.15781    -21.01219     20.97896     -1.26297
    4  e-                 1       11     1           0           0     -0.41801     -0.15781     -2.98709      3.02033      0.00051
    5  !pi+!             21      211     2           0           0     -0.34030     -0.03783      0.60120     -0.22767     -0.65333
    6  !u~!              21       -2     2           0           0     -0.04028     -0.00411      0.00483      0.04078      0.00000
    7  !u~!              21       -2     6           0           0     -0.04028     -0.00411      0.00483      0.04078      0.00000
    8  !u~!              21       -2     3           0           0      0.31517      0.12641    -17.19566     17.19901      0.00560
    9  n0                 1     2112     2           0           0      0.34030      0.03783     -0.60120      1.16597      0.93960
   10  rho+               1      213     2           0           0     -0.06059      0.36428     -2.89894      3.03377      0.81458
   11  u~            A    2       -2     8           0           0      0.31517      0.12641    -17.19566     17.19901      0.00560
   12  u             V    1        2     2           0           0     -0.17686     -0.37072     -0.31638      0.51850      0.00560
                   sum charge:  0.00   sum momentum and inv. mass:      0.00000      0.00000    -23.99929     24.93759      6.77624



                            Event listing (standard)

    I  particle/jet  K(I,1)   K(I,2) K(I,3)     K(I,4)      K(I,5)       P(I,1)       P(I,2)       P(I,3)       P(I,4)       P(I,5)

    1  !e-!              21       11     0           0           0      0.00000      0.00000    -23.99928     23.99928      0.00051
    2  !p+!              21     2212     0           0           0      0.00000      0.00000      0.00000      0.93830      0.93830
    3  !Z0!              21       23     1           0           0     -0.60007      0.44557    -13.84914     13.82165     -1.14850
    4  e-                 1       11     1           0           0      0.60007     -0.44557    -10.15015     10.17763      0.00051
    5  !pi+!             21      211     2           0           0      0.21823     -0.08765      0.60996     -0.20549     -0.62060
    6  !u~!              21       -2     2           0           0      0.02614     -0.00960      0.01933      0.03390      0.00000
    7  !u~!              21       -2     6           0           0      0.02614     -0.00960      0.01933      0.03390      0.00000
    8  !u~!              21       -2     3           0           0     -0.50345      0.38129    -12.06337     12.07990      0.00560
    9  n0                 1     2112     2           0           0     -0.21823      0.08765     -0.60996      1.14379      0.93960
   10  pi+                1      211     2           0           0     -0.15460     -0.21865     -1.15883      1.19753      0.13960
   11  u~            A    2       -2     8           0           0     -0.50345      0.38129    -12.06337     12.07990      0.00560
   12  u             V    1        2     2           0           0      0.27622      0.19527     -0.01697      0.33874      0.00560
                   sum charge:  0.00   sum momentum and inv. mass:      0.00000      0.00000    -23.99928     24.93758      6.77624



                            Event listing (standard)

    I  particle/jet  K(I,1)   K(I,2) K(I,3)     K(I,4)      K(I,5)       P(I,1)       P(I,2)       P(I,3)       P(I,4)       P(I,5)

    1  !e-!              21       11     0           0           0      0.00000      0.00000    -23.99928     23.99928      0.00051
    2  !p+!              21     2212     0           0           0      0.00000      0.00000      0.00000      0.93830      0.93830
    3  !Z0!              21       23     1           0           0     -1.09277      0.97027    -13.51886     13.41747     -2.20607
    4  e-                 1       11     1           0           0      1.09277     -0.97027    -10.48042     10.58181      0.00051
    5  !pi+!             21      211     2           0           0      0.19238      0.11334      0.25373     -0.05907     -0.33278
    6  !u!               21        2     2           0           0      0.16005      0.12562     -0.02336      0.20480      0.00000
    7  !u!               21        2     6           0           0      0.16005      0.12562     -0.02336      0.20480      0.00000
    8  !u!               21        2     3           0           0     -0.91659      1.07054    -13.26014     13.33483      0.00560
    9  n0                 1     2112     2           0           0     -0.19238     -0.11334     -0.25373      0.99738      0.93960
   10  (u)           A   12        2     8          12          12     -0.91659      1.07054    -13.26014     13.33483      0.00560
   11  (d~)          V   11       -1     2          12          12      0.01619      0.01306     -0.00500      0.02358      0.00990
   12  (cluster)         11       91    10          13          13     -0.90040      1.08360    -13.26514     13.35840      0.70568
   13  rho+               1      213    12           0           0     -0.90090      1.08266    -13.26097     13.35753      0.76582
                   sum charge:  0.00   sum momentum and inv. mass:     -0.00050     -0.00094    -23.99512     24.93671      6.78779



                            Event listing (standard)

    I  particle/jet  K(I,1)   K(I,2) K(I,3)     K(I,4)      K(I,5)       P(I,1)       P(I,2)       P(I,3)       P(I,4)       P(I,5)

    1  !e-!              21       11     0           0           0      0.00000      0.00000    -23.99928     23.99928      0.00051
    2  !p+!              21     2212     0           0           0      0.00000      0.00000      0.00000      0.93830      0.93830
    3  !Z0!              21       23     1           0           0      0.85818     -0.29492    -10.10216     10.07257     -1.19186
    4  e-                 1       11     1           0           0     -0.85818      0.29492    -13.89712     13.92672      0.00051
    5  !pi+!             21      211     2           0           0     -0.09027      0.16827      0.83961     -0.33549     -0.79300
    6  !s~!              21       -3     2           0           0     -0.00870      0.03420      0.05166      0.06256      0.00000
    7  !s~!              21       -3     6           0           0     -0.00870      0.03420      0.05166      0.06256      0.00000
    8  !s~!              21       -3     3           0           0      0.53214     -0.17020     -6.28468      6.31260      0.19900
    9  n0                 1     2112     2           0           0      0.09027     -0.16827     -0.83961      1.27379      0.93960
   10  K~0                1     -311     2           0           0      0.44668     -0.40683     -2.78188      2.88991      0.49770
   11  s~            A    2       -3     8           0           0      0.53214     -0.17020     -6.28468      6.31260      0.19900
   12  u             V    1        2     2           0           0     -0.21090      0.45037     -0.19600      0.53457      0.00560
                   sum charge:  0.00   sum momentum and inv. mass:      0.00000     -0.00000    -23.99928     24.93759      6.77624



                            Event listing (standard)

    I  particle/jet  K(I,1)   K(I,2) K(I,3)     K(I,4)      K(I,5)       P(I,1)       P(I,2)       P(I,3)       P(I,4)       P(I,5)

    1  !e-!              21       11     0           0           0      0.00000      0.00000    -23.99928     23.99928      0.00051
    2  !p+!              21     2212     0           0           0      0.00000      0.00000      0.00000      0.93830      0.93830
    3  !Z0!              21       23     1           0           0     -0.48072     -0.83220     -3.62203      3.59938     -1.04270
    4  e-                 1       11     1           0           0      0.48072      0.83220    -20.37725     20.39990      0.00051
    5  !pi+!             21      211     2           0           0      0.33464      0.42033      0.33984     -0.19518     -0.60503
    6  !u!               21        2     2           0           0      0.19688      0.21055     -0.30416      0.41905      0.00000
    7  !u!               21        2     6           0           0      0.19688      0.21055     -0.30416      0.41905      0.00000
    8  !u!               21        2     3           0           0     -0.25916     -0.53276     -3.10693      3.16292      0.00560
    9  n0                 1     2112     2           0           0     -0.33464     -0.42033     -0.33984      1.13348      0.93960
   10  (u)           A   12        2     8          12          12     -0.25916     -0.53276     -3.10693      3.16292      0.00560
   11  (d~)          V   11       -1     2          12          12      0.11308      0.12090     -0.17526      0.24128      0.00990
   12  (cluster)         11       91    10          13          13     -0.14608     -0.41187     -3.28219      3.40420      0.79048
   13  rho+               1      213    12           0           0     -0.14319     -0.40905     -3.29036      3.40474      0.76023
                   sum charge:  0.00   sum momentum and inv. mass:      0.00288      0.00281    -24.00746     24.93813      6.74923



                            Event listing (standard)

    I  particle/jet  K(I,1)   K(I,2) K(I,3)     K(I,4)      K(I,5)       P(I,1)       P(I,2)       P(I,3)       P(I,4)       P(I,5)

    1  !e-!              21       11     0           0           0      0.00000      0.00000    -23.99928     23.99928      0.00051
    2  !p+!              21     2212     0           0           0      0.00000      0.00000      0.00000      0.93830      0.93830
    3  !Z0!              21       23     1           0           0     -0.05260      1.10596     -3.07925      3.04997     -1.18548
    4  e-                 1       11     1           0           0      0.05260     -1.10596    -20.92003     20.94931      0.00051
    5  !pi+!             21      211     2           0           0     -0.28683     -0.29279      0.49182     -0.19778     -0.60890
    6  !u!               21        2     2           0           0     -0.25405     -0.09167     -0.02262      0.27103      0.00000
    7  !u!               21        2     6           0           0     -0.25405     -0.09167     -0.02262      0.27103      0.00000
    8  !u!               21        2     3           0           0     -0.21944      0.85633     -2.57637      2.72382      0.00560
    9  n0                 1     2112     2           0           0      0.28683      0.29279     -0.49182      1.13608      0.93960
   10  (u)           A   12        2     8          12          12     -0.21944      0.85633     -2.57637      2.72382      0.00560
   11  (d~)          V   11       -1     2          12          12     -0.11999     -0.04316     -0.01106      0.12838      0.00990
   12  (cluster)         11       91    10          13          13     -0.33943      0.81317     -2.58744      2.85220      0.81470
   13  rho+               1      213    12           0           0     -0.33831      0.81292     -2.58554      2.85159      0.81929
                   sum charge:  0.00   sum momentum and inv. mass:      0.00112     -0.00025    -23.99739     24.93698      6.78071



                            Event listing (standard)

    I  particle/jet  K(I,1)   K(I,2) K(I,3)     K(I,4)      K(I,5)       P(I,1)       P(I,2)       P(I,3)       P(I,4)       P(I,5)

    1  !e-!              21       11     0           0           0      0.00000      0.00000    -23.99928     23.99928      0.00051
    2  !p+!              21     2212     0           0           0      0.00000      0.00000      0.00000      0.93830      0.93830
    3  !Z0!              21       23     1           0           0      0.22588      0.62893    -18.82885     18.78584     -1.43675
    4  e-                 1       11     1           0           0     -0.22588     -0.62893     -5.17044      5.21344      0.00051
    5  !pi+!             21      211     2           0           0      0.01329      0.10836      0.85781     -0.33798     -0.79594
    6  !u~!              21       -2     2           0           0      0.00347      0.02163      0.04074      0.04626     -0.00000
    7  !u~!              21       -2     6           0           0      0.00347      0.02163      0.04074      0.04626     -0.00000
    8  !u~!              21       -2     3           0           0      0.14517      0.40904    -11.96698     11.97485      0.00560
    9  n0                 1     2112     2           0           0     -0.01329     -0.10836     -0.85781      1.27628      0.93960
   10  rho+               1      213     2           0           0     -0.22646      0.39451     -6.07592      6.13791      0.74178
   11  u~            A    2       -2     8           0           0      0.14517      0.40904    -11.96698     11.97485      0.00560
   12  u             V    1        2     2           0           0      0.32047     -0.06627      0.07187      0.33509      0.00560
                   sum charge:  0.00   sum momentum and inv. mass:     -0.00000      0.00000    -23.99929     24.93759      6.77624



                            Event listing (standard)

    I  particle/jet  K(I,1)   K(I,2) K(I,3)     K(I,4)      K(I,5)       P(I,1)       P(I,2)       P(I,3)       P(I,4)       P(I,5)

    1  !e-!              21       11     0           0           0      0.00000      0.00000    -23.99928     23.99928      0.00051
    2  !p+!              21     2212     0           0           0      0.00000      0.00000      0.00000      0.93830      0.93830
    3  !Z0!              21       23     1           0           0     -0.57150      0.15851    -16.82398     16.79951     -1.08373
    4  e-                 1       11     1           0           0      0.57150     -0.15851     -7.17531      7.19978      0.00051
    5  !pi+!             21      211     2           0           0      0.00282     -0.03210      0.22584     -0.02739     -0.22648
    6  !u~!              21       -2     2           0           0     -0.00031     -0.00613      0.01920      0.02016      0.00000
