


                            Event listing (standard)

    I  particle/jet  K(I,1)   K(I,2) K(I,3)     K(I,4)      K(I,5)       P(I,1)       P(I,2)       P(I,3)       P(I,4)       P(I,5)

    1  !e-!              21       11     0           0           0      0.00000      0.00000    -23.99928     23.99928      0.00051
    2  !p+!              21     2212     0           0           0      0.00000      0.00000      0.00000      0.93830      0.93830
    3  !Z0!              21       23     1           0           0      0.60025      0.75583     -5.35328      5.32831     -1.09464
    4  e-                 1       11     1           0           0     -0.60025     -0.75583    -18.64601     18.67097      0.00051
    5  !pi+!             21      211     2           0           0     -0.47118      0.04884      1.00181     -0.51401     -0.98174
    6  !u!               21        2     2           0           0     -0.09995      0.04922      0.01882      0.11299      0.00000
    7  !u!               21        2     6           0           0     -0.09995      0.04922      0.01882      0.11299      0.00000
    8  !u!               21        2     3           0           0      0.42750      0.65768     -4.40754      4.47680      0.00560
    9  n0                 1     2112     2           0           0      0.47118     -0.04884     -1.00181      1.45231      0.93960
   10  u             A    2        2     8           0           0      0.42750      0.65768     -4.40754      4.47680      0.00560
   11  d~            V    1       -1     2           0           0     -0.29843      0.14700      0.05607      0.33750      0.00990
                   sum charge:  0.00   sum momentum and inv. mass:     -0.00000      0.00000    -23.99928     24.93758      6.77624



                            Event listing (standard)

    I  particle/jet  K(I,1)   K(I,2) K(I,3)     K(I,4)      K(I,5)       P(I,1)       P(I,2)       P(I,3)       P(I,4)       P(I,5)

    1  !e-!              21       11     0           0           0      0.00000      0.00000    -23.99928     23.99928      0.00051
    2  !p+!              21     2212     0           0           0      0.00000      0.00000      0.00000      0.93830      0.93830
    3  !Z0!              21       23     1           0           0      0.47102     -0.72887    -14.30750     14.26872     -1.36424
    4  e-                 1       11     1           0           0     -0.47102      0.72887     -9.69179      9.73056      0.00051
    5  !pi+!             21      211     2           0           0     -0.48635     -0.42202      0.92997     -0.53150     -0.99849
    6  !d~!              21       -1     2           0           0     -0.08290     -0.09098     -0.06587      0.13960      0.00000
    7  !d~!              21       -1     6           0           0     -0.08290     -0.09098     -0.06587      0.13960      0.00000
    8  !d~!              21       -1     3           0           0      0.36008     -0.73891    -13.07921     13.10502      0.00990
    9  n0                 1     2112     2           0           0      0.48635      0.42202     -0.92997      1.46980      0.93960
   10  d~            A    2       -1     8           0           0      0.36008     -0.73891    -13.07921     13.10502      0.00990
   11  u             V    1        2     2           0           0     -0.37541     -0.41198     -0.29832      0.63220      0.00560
                   sum charge:  0.00   sum momentum and inv. mass:     -0.00000      0.00000    -23.99928     24.93759      6.77625



                            Event listing (standard)

    I  particle/jet  K(I,1)   K(I,2) K(I,3)     K(I,4)      K(I,5)       P(I,1)       P(I,2)       P(I,3)       P(I,4)       P(I,5)

    1  !e-!              21       11     0           0           0      0.00000      0.00000    -23.99928     23.99928      0.00051
    2  !p+!              21     2212     0           0           0      0.00000      0.00000      0.00000      0.93830      0.93830
    3  !Z0!              21       23     1           0           0     -0.75015      0.55081     -6.83999      6.81478     -1.10022
    4  e-                 1       11     1           0           0      0.75015     -0.55081    -17.15929     17.18451      0.00051
    5  !pi+!             21      211     2           0           0      0.29973     -0.01637      0.41141     -0.12943     -0.49256
    6  !d~!              21       -1     2           0           0      0.07867      0.00458      0.00677      0.07910      0.00000
    7  !d~!              21       -1     6           0           0      0.07867      0.00458      0.00677      0.07910      0.00000
    8  !d~!              21       -1     3           0           0     -0.63748      0.52354     -6.44462      6.49720      0.00990
    9  n0                 1     2112     2           0           0     -0.29973      0.01637     -0.41141      1.06773      0.93960
   10  d~            A    2       -1     8           0           0     -0.63748      0.52354     -6.44462      6.49720      0.00990
   11  u             V    1        2     2           0           0      0.18706      0.01091      0.01603      0.18814      0.00560
                   sum charge:  0.00   sum momentum and inv. mass:      0.00000     -0.00000    -23.99928     24.93759      6.77624



                            Event listing (standard)

    I  particle/jet  K(I,1)   K(I,2) K(I,3)     K(I,4)      K(I,5)       P(I,1)       P(I,2)       P(I,3)       P(I,4)       P(I,5)

    1  !e-!              21       11     0           0           0      0.00000      0.00000    -23.99928     23.99928      0.00051
    2  !p+!              21     2212     0           0           0      0.00000      0.00000      0.00000      0.93830      0.93830
    3  !Z0!              21       23     1           0           0     -0.40338      0.62733    -13.15375     13.12814     -1.10881
    4  e-                 1       11     1           0           0      0.40338     -0.62733    -10.84553     10.87115      0.00051
    5  !pi+!             21      211     2           0           0     -0.02481      0.02650      0.74681     -0.26174     -0.70038
    6  !u!               21        2     2           0           0     -0.00410      0.00514      0.02408      0.02496      0.00000
    7  !u!               21        2     6           0           0     -0.00410      0.00514      0.02408      0.02496      0.00000
    8  !u!               21        2     3           0           0     -0.39155      0.60780    -12.62227     12.64296      0.00560
    9  n0                 1     2112     2           0           0      0.02481     -0.02650     -0.74681      1.20004      0.93960
   10  u             A    2        2     8           0           0     -0.39155      0.60780    -12.62227     12.64296      0.00560
   11  d~            V    1       -1     2           0           0     -0.03664      0.04603      0.21533      0.22344      0.00990
                   sum charge:  0.00   sum momentum and inv. mass:      0.00000     -0.00000    -23.99928     24.93758      6.77624



                            Event listing (standard)

    I  particle/jet  K(I,1)   K(I,2) K(I,3)     K(I,4)      K(I,5)       P(I,1)       P(I,2)       P(I,3)       P(I,4)       P(I,5)

    1  !e-!              21       11     0           0           0      0.00000      0.00000    -23.99928     23.99928      0.00051
    2  !p+!              21     2212     0           0           0      0.00000      0.00000      0.00000      0.93830      0.93830
    3  !Z0!              21       23     1           0           0      0.54606      0.14840    -16.52970     16.50830     -1.01358
    4  e-                 1       11     1           0           0     -0.54606     -0.14840     -7.46958      7.49099      0.00051
    5  !pi+!             21      211     2           0           0     -0.03393      0.13979      0.81315     -0.31191     -0.76461
    6  !u!               21        2     2           0           0     -0.00094      0.00936      0.01478      0.01751      0.00000
    7  !u!               21        2     6           0           0     -0.00094      0.00936      0.01478      0.01751      0.00000
    8  !u!               21        2     3           0           0      0.52589      0.15186    -15.93171     15.94111      0.00560
    9  n0                 1     2112     2           0           0      0.03393     -0.13979     -0.81315      1.25021      0.93960
   10  u             A    2        2     8           0           0      0.52589      0.15186    -15.93171     15.94111      0.00560
   11  d~            V    1       -1     2           0           0     -0.01375      0.13633      0.21516      0.25528      0.00990
                   sum charge:  0.00   sum momentum and inv. mass:      0.00000     -0.00000    -23.99928     24.93759      6.77624



                            Event listing (standard)

    I  particle/jet  K(I,1)   K(I,2) K(I,3)     K(I,4)      K(I,5)       P(I,1)       P(I,2)       P(I,3)       P(I,4)       P(I,5)

    1  !e-!              21       11     0           0           0      0.00000      0.00000    -23.99928     23.99928      0.00051
    2  !p+!              21     2212     0           0           0      0.00000      0.00000      0.00000      0.93830      0.93830
    3  !Z0!              21       23     1           0           0     -0.45909     -0.58168    -13.19921     13.17381     -1.10398
    4  e-                 1       11     1           0           0      0.45909      0.58168    -10.80008     10.82547      0.00051
    5  !pi+!             21      211     2           0           0     -0.13483      0.16640      0.18887     -0.04252     -0.28236
    6  !u!               21        2     2           0           0     -0.04617      0.04948     -0.02570      0.07239      0.00000
    7  !u!               21        2     6           0           0     -0.04617      0.04948     -0.02570      0.07239      0.00000
    8  !u!               21        2     3           0           0     -0.49402     -0.52231    -12.95427     12.97420      0.00560
    9  n0                 1     2112     2           0           0      0.13483     -0.16640     -0.18887      0.98082      0.93960
   10  u             A    2        2     8           0           0     -0.49402     -0.52231    -12.95427     12.97420      0.00560
   11  d~            V    1       -1     2           0           0     -0.09990      0.10703     -0.05607      0.15709      0.00990
                   sum charge:  0.00   sum momentum and inv. mass:      0.00000      0.00000    -23.99928     24.93758      6.77624



                            Event listing (standard)

    I  particle/jet  K(I,1)   K(I,2) K(I,3)     K(I,4)      K(I,5)       P(I,1)       P(I,2)       P(I,3)       P(I,4)       P(I,5)

    1  !e-!              21       11     0           0           0      0.00000      0.00000    -23.99928     23.99928      0.00051
    2  !p+!              21     2212     0           0           0      0.00000      0.00000      0.00000      0.93830      0.93830
    3  !Z0!              21       23     1           0           0      0.17600     -1.03350     -7.68829      7.65463     -1.27102
    4  e-                 1       11     1           0           0     -0.17600      1.03350    -16.31099     16.34465      0.00051
    5  !pi+!             21      211     2           0           0      0.21831     -0.15028      0.48567     -0.15110     -0.53225
    6  !u!               21        2     2           0           0      0.08616     -0.08014      0.00723      0.11789      0.00000
    7  !u!               21        2     6           0           0      0.08616     -0.08014      0.00723      0.11789      0.00000
    8  !u!               21        2     3           0           0      0.24133     -1.04146     -7.21521      7.29398      0.00560
    9  n0                 1     2112     2           0           0     -0.21831      0.15028     -0.48567      1.08940      0.93960
   10  u             A    2        2     8           0           0      0.24133     -1.04146     -7.21521      7.29398      0.00560
   11  d~            V    1       -1     2           0           0      0.15298     -0.14232      0.01259      0.20955      0.00990
                   sum charge:  0.00   sum momentum and inv. mass:     -0.00000      0.00000    -23.99928     24.93759      6.77624



                            Event listing (standard)

    I  particle/jet  K(I,1)   K(I,2) K(I,3)     K(I,4)      K(I,5)       P(I,1)       P(I,2)       P(I,3)       P(I,4)       P(I,5)

    1  !e-!              21       11     0           0           0      0.00000      0.00000    -23.99928     23.99928      0.00051
    2  !p+!              21     2212     0           0           0      0.00000      0.00000      0.00000      0.93830      0.93830
    3  !Z0!              21       23     1           0           0      0.84105      0.29767     -8.76483      8.73872     -1.11931
    4  e-                 1       11     1           0           0     -0.84105     -0.29767    -15.23446     15.26056      0.00051
    5  !pi+!             21      211     2           0           0     -0.16113     -0.24779      0.21460     -0.06863     -0.35876
    6  !u!               21        2     2           0           0     -0.05667     -0.10714     -0.07804      0.14416      0.00000
    7  !u!               21        2     6           0           0     -0.05667     -0.10714     -0.07804      0.14416      0.00000
    8  !u!               21        2     3           0           0      0.75222      0.18664     -8.45008      8.48555      0.00560
    9  n0                 1     2112     2           0           0      0.16113      0.24779     -0.21460      1.00693      0.93960
   10  u             A    2        2     8           0           0      0.75222      0.18664     -8.45008      8.48555      0.00560
   11  d~            V    1       -1     2           0           0     -0.07229     -0.13676     -0.10014      0.18454      0.00990
                   sum charge:  0.00   sum momentum and inv. mass:      0.00000      0.00000    -23.99929     24.93759      6.77624



                            Event listing (standard)

    I  particle/jet  K(I,1)   K(I,2) K(I,3)     K(I,4)      K(I,5)       P(I,1)       P(I,2)       P(I,3)       P(I,4)       P(I,5)

    1  !e-!              21       11     0           0           0      0.00000      0.00000    -23.99928     23.99928      0.00051
    2  !p+!              21     2212     0           0           0      0.00000      0.00000      0.00000      0.93830      0.93830
    3  !Z0!              21       23     1           0           0      0.62019     -0.87551     -6.85577      6.82222     -1.26884
    4  e-                 1       11     1           0           0     -0.62019      0.87551    -17.14352     17.17706      0.00051
    5  !pi+!             21      211     2           0           0      0.12944      0.14473      0.32840     -0.07468     -0.37412
    6  !u!               21        2     2           0           0      0.07496      0.05341      0.02685      0.09588      0.00000
    7  !u!               21        2     6           0           0      0.07496      0.05341      0.02685      0.09588      0.00000
    8  !u!               21        2     3           0           0      0.66455     -0.79135     -6.55748      6.63840      0.00560
    9  n0                 1     2112     2           0           0     -0.12944     -0.14473     -0.32840      1.01298      0.93960
   10  u             A    2        2     8           0           0      0.66455     -0.79135     -6.55748      6.63840      0.00560
   11  d~            V    1       -1     2           0           0      0.08508      0.06056      0.03011      0.10914      0.00990
                   sum charge:  0.00   sum momentum and inv. mass:      0.00000     -0.00000    -23.99929     24.93759      6.77625



                            Event listing (standard)

    I  particle/jet  K(I,1)   K(I,2) K(I,3)     K(I,4)      K(I,5)       P(I,1)       P(I,2)       P(I,3)       P(I,4)       P(I,5)

    1  !e-!              21       11     0           0           0      0.00000      0.00000    -23.99928     23.99928      0.00051
    2  !p+!              21     2212     0           0           0      0.00000      0.00000      0.00000      0.93830      0.93830
    3  !Z0!              21       23     1           0           0     -0.09389     -0.18278    -23.04931     23.02734     -1.02690
    4  e-                 1       11     1           0           0      0.09389      0.18278     -0.94998      0.97195      0.00051
    5  !pi+!             21      211     2           0           0      0.06482      0.54290      0.45540     -0.23935     -0.67010
    6  !u!               21        2     2           0           0      0.00664      0.05850     -0.06191      0.08544      0.00000
    7  !u!               21        2     6           0           0      0.00664      0.05850     -0.06191      0.08544      0.00000
    8  !u!               21        2     3           0           0     -0.08366     -0.12125    -22.08427     22.08477      0.00560
    9  n0                 1     2112     2           0           0     -0.06482     -0.54290     -0.45540      1.17766      0.93960
   10  u             A    2        2     8           0           0     -0.08366     -0.12125    -22.08427     22.08477      0.00560
   11  d~            V    1       -1     2           0           0      0.05460      0.48136     -0.50963      0.70322      0.00990
                   sum charge:  0.00   sum momentum and inv. mass:      0.00000      0.00000    -23.99928     24.93758      6.77624



                            Event listing (standard)

    I  particle/jet  K(I,1)   K(I,2) K(I,3)     K(I,4)      K(I,5)       P(I,1)       P(I,2)       P(I,3)       P(I,4)       P(I,5)

    1  !e-!              21       11     0           0           0      0.00000      0.00000    -23.99928     23.99928      0.00051
    2  !p+!              21     2212     0           0           0      0.00000      0.00000      0.00000      0.93830      0.93830
    3  !Z0!              21       23     1           0           0      0.21632     -0.91154     -3.30071      3.27952     -1.00853
    4  e-                 1       11     1           0           0     -0.21632      0.91154    -20.69858     20.71977      0.00051
    5  !pi+!             21      211     2           0           0      0.37985      0.47202      0.82573     -0.45092     -0.91956
    6  !u!               21        2     2           0           0      0.24547      0.11385     -0.07716      0.28138      0.00000
    7  !u!               21        2     6           0           0      0.24547      0.11385     -0.07716      0.28138      0.00000
    8  !u!               21        2     3           0           0      0.27597     -0.58798     -2.37415      2.46141      0.00560
    9  n0                 1     2112     2           0           0     -0.37985     -0.47202     -0.82573      1.38922      0.93960
   10  u             A    2        2     8           0           0      0.27597     -0.58798     -2.37415      2.46141      0.00560
   11  d~            V    1       -1     2           0           0      0.32020      0.14846     -0.10082      0.36720      0.00990
                   sum charge:  0.00   sum momentum and inv. mass:     -0.00000     -0.00000    -23.99928     24.93758      6.77624



                            Event listing (standard)

    I  particle/jet  K(I,1)   K(I,2) K(I,3)     K(I,4)      K(I,5)       P(I,1)       P(I,2)       P(I,3)       P(I,4)       P(I,5)

    1  !e-!              21       11     0           0           0      0.00000      0.00000    -23.99928     23.99928      0.00051
    2  !p+!              21     2212     0           0           0      0.00000      0.00000      0.00000      0.93830      0.93830
    3  !Z0!              21       23     1           0           0     -0.37232      0.85334     -3.36715      3.34616     -1.00388
    4  e-                 1       11     1           0           0      0.37232     -0.85334    -20.63213     20.65313      0.00051
    5  !pi+!             21      211     2           0           0     -0.06824     -0.25633      0.61395     -0.21420     -0.63358
    6  !u!               21        2     2           0           0     -0.04930     -0.05814      0.06463      0.09994      0.00000
    7  !u!               21        2     6           0           0     -0.04930     -0.05814      0.06463      0.09994      0.00000
    8  !u!               21        2     3           0           0     -0.35844      0.69381     -2.86066      2.96535      0.00560
    9  n0                 1     2112     2           0           0      0.06824      0.25633     -0.61395      1.15250      0.93960
   10  u             A    2        2     8           0           0     -0.35844      0.69381     -2.86066      2.96535      0.00560
   11  d~            V    1       -1     2           0           0     -0.08212     -0.09680      0.10747      0.16661      0.00990
                   sum charge:  0.00   sum momentum and inv. mass:     -0.00000      0.00000    -23.99928     24.93758      6.77624



                            Event listing (standard)

    I  particle/jet  K(I,1)   K(I,2) K(I,3)     K(I,4)      K(I,5)       P(I,1)       P(I,2)       P(I,3)       P(I,4)       P(I,5)

    1  !e-!              21       11     0           0           0      0.00000      0.00000    -23.99928     23.99928      0.00051
    2  !p+!              21     2212     0           0           0      0.00000      0.00000      0.00000      0.93830      0.93830
    3  !Z0!              21       23     1           0           0      0.03453     -1.27951     -4.86922      4.82645     -1.43284
    4  e-                 1       11     1           0           0     -0.03453      1.27951    -19.13006     19.17283      0.00051
    5  !pi+!             21      211     2           0           0     -0.02690      0.65044      0.57587     -0.34086     -0.79952
    6  !d~!              21       -1     2           0           0     -0.01591      0.32480     -0.21689      0.39089     -0.00000
    7  !d~!              21       -1     6           0           0     -0.01591      0.32480     -0.21689      0.39089     -0.00000
    8  !d~!              21       -1     3           0           0      0.01764     -0.83339     -4.15680      4.23957      0.00990
    9  n0                 1     2112     2           0           0      0.02690     -0.65044     -0.57587      1.27916      0.93960
   10  d~            A    2       -1     8           0           0      0.01764     -0.83339     -4.15680      4.23957      0.00990
   11  u             V    1        2     2           0           0     -0.01001      0.20432     -0.13656      0.24602      0.00560
                   sum charge:  0.00   sum momentum and inv. mass:     -0.00000      0.00000    -23.99928     24.93759      6.77625



                            Event listing (standard)

    I  particle/jet  K(I,1)   K(I,2) K(I,3)     K(I,4)      K(I,5)       P(I,1)       P(I,2)       P(I,3)       P(I,4)       P(I,5)

    1  !e-!              21       11     0           0           0      0.00000      0.00000    -23.99928     23.99928      0.00051
    2  !p+!              21     2212     0           0           0      0.00000      0.00000      0.00000      0.93830      0.93830
    3  !Z0!              21       23     1           0           0      1.00140     -0.63099     -5.55899      5.52104     -1.34959
    4  e-                 1       11     1           0           0     -1.00140      0.63099    -18.44030     18.47824      0.00051
    5  !pi+!             21      211     2           0           0      0.05663      0.15810      0.58561     -0.18063     -0.58182
    6  !u!               21        2     2           0           0      0.06040      0.05023      0.07476      0.10844      0.00000
    7  !u!               21        2     6           0           0      0.06040      0.05023      0.07476      0.10844      0.00000
    8  !u!               21        2     3           0           0      0.97700     -0.54022     -5.07341      5.19480      0.00560
    9  n0                 1     2112     2           0           0     -0.05663     -0.15810     -0.58561      1.11893      0.93960
   10  u             A    2        2     8           0           0      0.97700     -0.54022     -5.07341      5.19480      0.00560
